100000000
100000000
100000000
100000000
100000000
100000000
120000000
100000000
100000000
110000000
000000000
100000000
100000000
110000000
111000000
101000000
101000000
100200000
101000000
100000000
100000000
100000000
110000000
111000000
100000000
101200000
101000000
100000000
101000000
100100000
100110000
100110000
100001000
100001000
100001200
100001000
100001000
100000000
111000000
111000000
100200000
000000000
100100000
101000000
101000000
101000000
101000000
100000000
110000000
111200000
111000000
111000000
111100000
000010000
000000000
000010000
000100000
000010000
000002000
111000000
111010000
110010000
100010000
000010000
100010000
100010000
100010000
010010000
120010000
100010000
100010000
100011000
100011000
100011000
100010000
100010000
110000000
111000000
111100000
000000000
111100000
111110000
111111000
111111100
000000020
000000100
000000000
111111000
000010000
111111000
000000000
111111000
111111000
111111000
111110000
111110000
111110000
111112000